,ALA,ILE,LEU,VAL,MET,PHE,TRP,GLY,PRO,CYS,ASN,GLN,SER,THR,TYR,ASP,GLU,ARG,HIS,LYS,
ALA,0.0797101449275362,0.109677419354839,0.0961698584512906,0.0988743535138424,0.0992647058823529,0.0819672131147541,0.0903614457831325,0.109782608695652,0.134738771769019,0.112936344969199,0.115768463073852,0.132924335378323,0.123123123123123,0.118787878787879,0.0865445356917246,0.13100081366965,0.138114209827357,0.123471882640587,0.0914728682170543,0.138799225306649,
ILE,0.109677419354839,0.129595588235294,0.114002276792974,0.0948396094839609,0.106955871353777,0.101701049583786,0.101298701298701,0.109010712035287,0.121906507791017,0.114529914529915,0.140388768898488,0.112526539278132,0.121759622937942,0.126157407407407,0.102272727272727,0.140350877192982,0.129713423831071,0.119440914866582,0.125188536953243,0.153295128939828,
LEU,0.0961698584512906,0.114002276792974,0.117521781219748,0.112044347387872,0.118375433382863,0.100896345667663,0.0993071593533487,0.0961145194274029,0.133443163097199,0.126353790613718,0.121345029239766,0.116866708780796,0.141938939475094,0.125049000392003,0.0986911920764061,0.141528239202658,0.147540983606557,0.113821138211382,0.128397375820056,0.151762902401635,
VAL,0.0988743535138424,0.0948396094839609,0.112044347387872,0.095980311730927,0.109697933227345,0.0908432862830257,0.0733496332518337,0.101482326111745,0.139072847682119,0.104,0.119047619047619,0.119460500963391,0.116991643454039,0.111111111111111,0.0926879505664264,0.134953897736798,0.112183353437877,0.109792284866469,0.124293785310734,0.122327790973872,
MET,0.0992647058823529,0.106955871353777,0.118375433382863,0.109697933227345,0.0863309352517986,0.116634799235182,0.0711864406779661,0.137876386687797,0.140997830802603,0.111111111111111,0.138297872340426,0.126614987080103,0.123110151187905,0.154422788605697,0.101928374655647,0.171974522292994,0.138576779026217,0.124203821656051,0.0896057347670251,0.167028199566161,
PHE,0.0819672131147541,0.101701049583786,0.100896345667663,0.0908432862830257,0.116634799235182,0.0875975715524718,0.0850439882697947,0.111480865224626,0.11860718171926,0.108225108225108,0.13659793814433,0.123684210526316,0.107981220657277,0.111269614835949,0.100271002710027,0.136638452237001,0.120921305182342,0.130217028380634,0.0993377483443709,0.147605083088954,
TRP,0.0903614457831325,0.101298701298701,0.0993071593533487,0.0733496332518337,0.0711864406779661,0.0850439882697947,0.0909090909090909,0.134529147982063,0.0803571428571429,0.1125,0.0742049469964664,0.11913357400722,0.135446685878963,0.11264367816092,0.0915619389587074,0.135802469135802,0.127358490566038,0.125,0.101123595505618,0.123359580052493,
GLY,0.109782608695652,0.109010712035287,0.0961145194274029,0.101482326111745,0.137876386687797,0.111480865224626,0.134529147982063,0.137254901960784,0.154130702836005,0.151862464183381,0.145245559038662,0.157608695652174,0.154676258992806,0.161936560934891,0.126903553299492,0.162523900573614,0.16099356025759,0.167977126518942,0.103448275862069,0.179611650485437,
PRO,0.134738771769019,0.121906507791017,0.133443163097199,0.139072847682119,0.140997830802603,0.11860718171926,0.0803571428571429,0.154130702836005,0.15014164305949,0.176923076923077,0.132569558101473,0.138613861386139,0.157216494845361,0.169764560099133,0.12218045112782,0.172307692307692,0.13879781420765,0.15606936416185,0.146788990825688,0.20460358056266,
CYS,0.112936344969199,0.114529914529915,0.126353790613718,0.104,0.111111111111111,0.108225108225108,0.1125,0.151862464183381,0.176923076923077,0.0613496932515337,0.122137404580153,0.149532710280374,0.155115511551155,0.16030534351145,0.111716621253406,0.170454545454545,0.135802469135802,0.173913043478261,0.134020618556701,0.141891891891892,
ASN,0.115768463073852,0.140388768898488,0.121345029239766,0.119047619047619,0.138297872340426,0.13659793814433,0.0742049469964664,0.145245559038662,0.132569558101473,0.122137404580153,0.104477611940299,0.134281200631912,0.139181286549708,0.171945701357466,0.134259259259259,0.13677130044843,0.160883280757098,0.169578622816033,0.136125654450262,0.168514412416851,
GLN,0.132924335378323,0.112526539278132,0.116866708780796,0.119460500963391,0.126614987080103,0.123684210526316,0.11913357400722,0.157608695652174,0.138613861386139,0.149532710280374,0.134281200631912,0.178807947019868,0.137884872824632,0.133414932680539,0.124668435013263,0.146099290780142,0.175059952038369,0.168998923573735,0.145510835913313,0.167420814479638,
SER,0.123123123123123,0.121759622937942,0.141938939475094,0.116991643454039,0.123110151187905,0.107981220657277,0.135446685878963,0.154676258992806,0.157216494845361,0.155115511551155,0.139181286549708,0.137884872824632,0.151394422310757,0.158469945355191,0.135689851767389,0.158447009443862,0.141568981064022,0.163071613459879,0.115079365079365,0.183561643835616,
THR,0.118787878787879,0.126157407407407,0.125049000392003,0.111111111111111,0.154422788605697,0.111269614835949,0.11264367816092,0.161936560934891,0.169764560099133,0.16030534351145,0.171945701357466,0.133414932680539,0.158469945355191,0.163934426229508,0.12618025751073,0.179012345679012,0.168595041322314,0.171320754716981,0.141199226305609,0.168744804655029,
TYR,0.0865445356917246,0.102272727272727,0.0986911920764061,0.0926879505664264,0.101928374655647,0.100271002710027,0.0915619389587074,0.126903553299492,0.12218045112782,0.111716621253406,0.134259259259259,0.124668435013263,0.135689851767389,0.12618025751073,0.0821428571428571,0.126099706744868,0.140016570008285,0.128624535315985,0.125,0.146757679180887,
ASP,0.13100081366965,0.140350877192982,0.141528239202658,0.134953897736798,0.171974522292994,0.136638452237001,0.135802469135802,0.162523900573614,0.172307692307692,0.170454545454545,0.13677130044843,0.146099290780142,0.158447009443862,0.179012345679012,0.126099706744868,0.196480938416422,0.191489361702128,0.132415254237288,0.122873345935728,0.150595882990249,
GLU,0.138114209827357,0.129713423831071,0.147540983606557,0.112183353437877,0.138576779026217,0.120921305182342,0.127358490566038,0.16099356025759,0.13879781420765,0.135802469135802,0.160883280757098,0.175059952038369,0.141568981064022,0.168595041322314,0.140016570008285,0.191489361702128,0.176276771004942,0.141768292682927,0.134466769706337,0.151919866444073,
ARG,0.123471882640587,0.119440914866582,0.113821138211382,0.109792284866469,0.124203821656051,0.130217028380634,0.125,0.167977126518942,0.15606936416185,0.173913043478261,0.169578622816033,0.168998923573735,0.163071613459879,0.171320754716981,0.128624535315985,0.132415254237288,0.141768292682927,0.192,0.157051282051282,0.198019801980198,
HIS,0.0914728682170543,0.125188536953243,0.128397375820056,0.124293785310734,0.0896057347670251,0.0993377483443709,0.101123595505618,0.103448275862069,0.146788990825688,0.134020618556701,0.136125654450262,0.145510835913313,0.115079365079365,0.141199226305609,0.125,0.122873345935728,0.134466769706337,0.157051282051282,0.0769230769230769,0.177242888402626,
LYS,0.138799225306649,0.153295128939828,0.151762902401635,0.122327790973872,0.167028199566161,0.147605083088954,0.123359580052493,0.179611650485437,0.20460358056266,0.141891891891892,0.168514412416851,0.167420814479638,0.183561643835616,0.168744804655029,0.146757679180887,0.150595882990249,0.151919866444073,0.198019801980198,0.177242888402626,0.18673647469459,
