,ALA,ILE,LEU,VAL,MET,PHE,TRP,GLY,PRO,CYS,ASN,GLN,SER,THR,TYR,ASP,GLU,ARG,HIS,LYS,
ALA,0.283559307689845,0.233173872349217,0.206799993403651,0.252725938241939,0.20963039847025,0.167908053652909,0.178842823300992,0.416184972966785,0.41341065618053,0.241258788154234,0.35166150783116,0.375240885994443,0.382986669867408,0.302405000576433,0.171021431664762,0.427924515472114,0.443855787899252,0.271847619186029,0.240888517296555,0.381395867731212,
ILE,0.233173872349217,0.164658908642223,0.146506678358302,0.144873272713638,0.134988379343365,0.124505674800127,0.11981869276724,0.246975787302732,0.223536438113108,0.14621795437126,0.254858595360581,0.189842293077621,0.226349574768546,0.191938435294494,0.120782238991921,0.273993751745726,0.249127001324436,0.157160332268102,0.197024719917422,0.251738505500399,
LEU,0.206799993403651,0.146506678358302,0.152760525649672,0.173116055156083,0.151113135458047,0.124936124537531,0.118809218882134,0.220253634070775,0.247495123185597,0.163161963943889,0.222811597292764,0.199424128989671,0.266886635148524,0.192432446291155,0.117888248510171,0.279458621922087,0.286614022270423,0.151482206732633,0.204390725096002,0.252078496570698,
VAL,0.252725938241939,0.144873272713638,0.173116055156083,0.176272339607534,0.166453793436867,0.133708817104551,0.104309087207025,0.276426143059628,0.30659656315157,0.15963150386405,0.259831100163884,0.242306932072599,0.261477743803106,0.203240466861043,0.131604281049711,0.316748421193963,0.259040574399043,0.173686130184704,0.235184701514907,0.241518235106641,
MET,0.20963039847025,0.134988379343365,0.151113135458047,0.166453793436867,0.108231813807807,0.141836692502886,0.0836401332641209,0.310292896412815,0.256821042854103,0.140908111845237,0.249390069385981,0.212187531944107,0.227335359597136,0.23337660791879,0.119573536905031,0.333492734926351,0.264376639656114,0.162338494404953,0.140084052830378,0.272463186897362,
PHE,0.167908053652909,0.124505674800127,0.124936124537531,0.133708817104551,0.141836692502886,0.103329534785228,0.0969243762091615,0.243362819907178,0.209556491578695,0.133130784760615,0.238934993620104,0.201057818465248,0.193416409586425,0.163115215973475,0.114100433078414,0.257020141228776,0.22377285355369,0.165092100637214,0.150639603101552,0.233556148196614,
TRP,0.178842823300992,0.11981869276724,0.118809218882134,0.104309087207025,0.0836401332641209,0.0969243762091615,0.100104522570893,0.283744386342079,0.137173938184529,0.133708794665054,0.125408063889244,0.187110372618233,0.234406934774364,0.159544450280239,0.100666253084045,0.24680779860191,0.227713860055072,0.153117741419776,0.148161150558701,0.188590521333333,
GLY,0.416184972966785,0.246975787302732,0.220253634070775,0.276426143059628,0.310292896412815,0.243362819907178,0.283744386342079,0.554502173686434,0.503965470808909,0.345718322154708,0.470175471675888,0.474141937795616,0.512731778071439,0.439323356831418,0.267243535205493,0.56576092821464,0.551359128360509,0.394121522433665,0.290315082207968,0.525951847631275,
PRO,0.41341065618053,0.223536438113108,0.247495123185597,0.30659656315157,0.256821042854103,0.209556491578695,0.137173938184529,0.503965470808909,0.397327862727389,0.325981288182935,0.34732588342583,0.337497912731701,0.421794506039572,0.372754287801348,0.208243466181288,0.485463535760411,0.384720142947349,0.296369767148343,0.333408033791178,0.484909781765665,
CYS,0.241258788154234,0.14621795437126,0.163161963943889,0.15963150386405,0.140908111845237,0.133130784760615,0.133708794665054,0.345718322154708,0.325981288182935,0.0787011202939576,0.222793419058372,0.253490078169026,0.289746614131086,0.245066498408656,0.132570771301648,0.334365042796231,0.262077837037384,0.229936927676709,0.21194077821869,0.234134615068889,
ASN,0.35166150783116,0.254858595360581,0.222811597292764,0.259831100163884,0.249390069385981,0.238934993620104,0.125408063889244,0.470175471675888,0.34732588342583,0.222793419058372,0.270995488682485,0.323686903861124,0.369682710167405,0.373776869025202,0.226547560390087,0.381498125492413,0.441487788833254,0.318810653339572,0.306103319886094,0.395394158846046,
GLN,0.375240885994443,0.189842293077621,0.199424128989671,0.242306932072599,0.212187531944107,0.201057818465248,0.187110372618233,0.474141937795616,0.337497912731701,0.253490078169026,0.323686903861124,0.400560221617606,0.34035803257835,0.269523494761281,0.195498189490388,0.378718594446989,0.446442648732431,0.295268249103292,0.304084640131131,0.36506797611524,
SER,0.382986669867408,0.226349574768546,0.266886635148524,0.261477743803106,0.227335359597136,0.193416409586425,0.234406934774364,0.512731778071439,0.421794506039572,0.289746614131086,0.369682710167405,0.34035803257835,0.411782263664834,0.352758490802345,0.234461737976328,0.452575403818167,0.397818849547018,0.313942099589007,0.264993355868673,0.441046729407862,
THR,0.302405000576433,0.191938435294494,0.192432446291155,0.203240466861043,0.23337660791879,0.163115215973475,0.159544450280239,0.439323356831418,0.372754287801348,0.245066498408656,0.373776869025202,0.269523494761281,0.352758490802345,0.298657578057711,0.178438608329778,0.418468421180035,0.387734864777152,0.269931753122907,0.266098637694593,0.331822540774016,
TYR,0.171021431664762,0.120782238991921,0.117888248510171,0.131604281049711,0.119573536905031,0.114100433078414,0.100666253084045,0.267243535205493,0.208243466181288,0.132570771301648,0.226547560390087,0.195498189490388,0.234461737976328,0.178438608329778,0.0901698333254209,0.228816757930472,0.249955982498679,0.15731200246634,0.182858179333267,0.224011520161523,
ASP,0.427924515472114,0.273993751745726,0.279458621922087,0.316748421193963,0.333492734926351,0.257020141228776,0.24680779860191,0.56576092821464,0.485463535760411,0.334365042796231,0.381498125492413,0.378718594446989,0.452575403818167,0.418468421180035,0.228816757930472,0.589354310148073,0.56508143808896,0.267706149986866,0.297128528357311,0.379983646622748,
GLU,0.443855787899252,0.249127001324436,0.286614022270423,0.259040574399043,0.264376639656114,0.22377285355369,0.227713860055072,0.551359128360509,0.384720142947349,0.262077837037384,0.441487788833254,0.446442648732431,0.397818849547018,0.387734864777152,0.249955982498679,0.56508143808896,0.511766468184279,0.281974469783224,0.319898342019046,0.377117535374053,
ARG,0.271847619186029,0.157160332268102,0.151482206732633,0.173686130184704,0.162338494404953,0.165092100637214,0.153117741419776,0.394121522433665,0.296369767148343,0.229936927676709,0.318810653339572,0.295268249103292,0.313942099589007,0.269931753122907,0.15731200246634,0.267706149986866,0.281974469783224,0.261628979717218,0.255971988730098,0.336763270228127,
HIS,0.240888517296555,0.197024719917422,0.204390725096002,0.235184701514907,0.140084052830378,0.150639603101552,0.148161150558701,0.290315082207968,0.333408033791178,0.21194077821869,0.306103319886094,0.304084640131131,0.264993355868673,0.266098637694593,0.182858179333267,0.297128528357311,0.319898342019046,0.255971988730098,0.149959485618685,0.360538172355961,
LYS,0.381395867731212,0.251738505500399,0.252078496570698,0.241518235106641,0.272463186897362,0.233556148196614,0.188590521333333,0.525951847631275,0.484909781765665,0.234134615068889,0.395394158846046,0.36506797611524,0.441046729407862,0.331822540774016,0.224011520161523,0.379983646622748,0.377117535374053,0.336763270228127,0.360538172355961,0.396348053315617,
